126
85
92
193
86
373
261
85
167
87
86
331
214
110
234
106
203
102
103
100
100
144
594
148
2772
146
292
145
250
1521
250
256
251
252
261
265
252
255
255
249
143
205
137
153
153
139
137
137
115
141
203
135
151
151
137
135
135
115
199
101
117
97
99
115
90
91
220
448
221
220
219
661
220
220
438
227
229
234
221
223
218
227
463
225
217
220
219
262
264
264
264
262
279
272
219
221
221
221
221
221
233
219
221
221
221
221
221
233
223
225
225
225
225
225
229
225
237
116
235
231
194
1169
192
174
174
175
178

